234 243 9
234 244 9
234 245 9
234 246 9
234 247 9
234 248 9
234 249 9
234 250 9
234 251 9
235 243 9
235 244 9
235 245 9
235 246 9
235 247 9
235 248 9
235 249 9
235 250 9
235 251 9
236 243 9
236 244 9
236 245 9
236 246 9
236 247 9
236 248 9
236 249 9
236 250 9
236 251 9
237 243 9
237 244 9
237 245 9
237 246 9
237 247 9
237 248 9
237 249 9
237 250 9
237 251 9
238 243 9
238 244 9
238 245 9
238 246 9
238 247 9
238 248 9
238 249 9
238 250 9
238 251 9
239 243 8
239 244 8
239 245 8
239 246 8
239 247 8
239 248 8
239 249 8
239 250 8
239 251 8
240 243 6
240 244 6
240 245 6
240 246 6
240 247 6
240 248 6
240 249 6
240 250 6
240 251 6
241 243 3
241 244 3
241 245 3
241 246 3
241 247 3
241 248 3
241 249 3
241 250 3
241 251 3
242 243 9
242 244 9
242 245 9
242 246 9
242 247 9
242 248 9
242 249 9
242 250 9
242 251 9
243 234 9
243 235 9
243 236 9
243 237 9
243 238 9
243 239 9
243 240 9
243 241 9
243 242 9
244 234 1
244 235 1
244 236 1
244 237 1
244 238 1
244 239 1
244 240 1
244 241 1
244 242 1
245 234 1
245 235 1
245 236 1
245 237 1
245 238 1
245 239 1
245 240 1
245 241 1
245 242 1
246 234 3
246 235 3
246 236 3
246 237 3
246 238 3
246 239 3
246 240 3
246 241 3
246 242 3
247 234 3
247 235 3
247 236 3
247 237 3
247 238 3
247 239 3
247 240 3
247 241 3
247 242 3
248 234 0
248 235 0
248 236 0
248 237 0
248 238 0
248 239 0
248 240 0
248 241 0
248 242 0
249 234 7
249 235 7
249 236 7
249 237 7
249 238 7
249 239 7
249 240 7
249 241 7
249 242 7
250 234 4
250 235 4
250 236 4
250 237 4
250 238 4
250 239 4
250 240 4
250 241 4
250 242 4
251 234 7
251 235 7
251 236 7
251 237 7
251 238 7
251 239 7
251 240 7
251 241 7
251 242 7
252 273 9
252 274 9
252 275 9
252 276 9
252 277 9
252 278 9
252 279 9
252 280 9
252 281 9
252 282 9
252 283 9
252 284 9
252 285 9
252 286 9
252 287 9
252 288 9
252 289 9
252 290 9
252 291 9
252 292 9
252 293 9
253 273 3
253 274 3
253 275 3
253 276 3
253 277 3
253 278 3
253 279 3
253 280 3
253 281 3
253 282 3
253 283 3
253 284 3
253 285 3
253 286 3
253 287 3
253 288 3
253 289 3
253 290 3
253 291 3
253 292 3
253 293 3
254 273 9
254 274 9
254 275 9
254 276 9
254 277 9
254 278 9
254 279 9
254 280 9
254 281 9
254 282 9
254 283 9
254 284 9
254 285 9
254 286 9
254 287 9
254 288 9
254 289 9
254 290 9
254 291 9
254 292 9
254 293 9
255 273 2
255 274 2
255 275 2
255 276 2
255 277 2
255 278 2
255 279 2
255 280 2
255 281 2
255 282 2
255 283 2
255 284 2
255 285 2
255 286 2
255 287 2
255 288 2
255 289 2
255 290 2
255 291 2
255 292 2
255 293 2
256 273 2
256 274 2
256 275 2
256 276 2
256 277 2
256 278 2
256 279 2
256 280 2
256 281 2
256 282 2
256 283 2
256 284 2
256 285 2
256 286 2
256 287 2
256 288 2
256 289 2
256 290 2
256 291 2
256 292 2
256 293 2
257 273 1
257 274 1
257 275 1
257 276 1
257 277 1
257 278 1
257 279 1
257 280 1
257 281 1
257 282 1
257 283 1
257 284 1
257 285 1
257 286 1
257 287 1
257 288 1
257 289 1
257 290 1
257 291 1
257 292 1
257 293 1
258 273 3
258 274 3
258 275 3
258 276 3
258 277 3
258 278 3
258 279 3
258 280 3
258 281 3
258 282 3
258 283 3
258 284 3
258 285 3
258 286 3
258 287 3
258 288 3
258 289 3
258 290 3
258 291 3
258 292 3
258 293 3
259 273 9
259 274 9
259 275 9
259 276 9
259 277 9
259 278 9
259 279 9
259 280 9
259 281 9
259 282 9
259 283 9
259 284 9
259 285 9
259 286 9
259 287 9
259 288 9
259 289 9
259 290 9
259 291 9
259 292 9
259 293 9
260 273 2
260 274 2
260 275 2
260 276 2
260 277 2
260 278 2
260 279 2
260 280 2
260 281 2
260 282 2
260 283 2
260 284 2
260 285 2
260 286 2
260 287 2
260 288 2
260 289 2
260 290 2
260 291 2
260 292 2
260 293 2
261 273 2
261 274 2
261 275 2
261 276 2
261 277 2
261 278 2
261 279 2
261 280 2
261 281 2
261 282 2
261 283 2
261 284 2
261 285 2
261 286 2
261 287 2
261 288 2
261 289 2
261 290 2
261 291 2
261 292 2
261 293 2
262 273 8
262 274 8
262 275 8
262 276 8
262 277 8
262 278 8
262 279 8
262 280 8
262 281 8
262 282 8
262 283 8
262 284 8
262 285 8
262 286 8
262 287 8
262 288 8
262 289 8
262 290 8
262 291 8
262 292 8
262 293 8
263 273 9
263 274 9
263 275 9
263 276 9
263 277 9
263 278 9
263 279 9
263 280 9
263 281 9
263 282 9
263 283 9
263 284 9
263 285 9
263 286 9
263 287 9
263 288 9
263 289 9
263 290 9
263 291 9
263 292 9
263 293 9
264 273 9
264 274 9
264 275 9
264 276 9
264 277 9
264 278 9
264 279 9
264 280 9
264 281 9
264 282 9
264 283 9
264 284 9
264 285 9
264 286 9
264 287 9
264 288 9
264 289 9
264 290 9
264 291 9
264 292 9
264 293 9
265 273 1
265 274 1
265 275 1
265 276 1
265 277 1
265 278 1
265 279 1
265 280 1
265 281 1
265 282 1
265 283 1
265 284 1
265 285 1
265 286 1
265 287 1
265 288 1
265 289 1
265 290 1
265 291 1
265 292 1
265 293 1
266 273 8
266 274 8
266 275 8
266 276 8
266 277 8
266 278 8
266 279 8
266 280 8
266 281 8
266 282 8
266 283 8
266 284 8
266 285 8
266 286 8
266 287 8
266 288 8
266 289 8
266 290 8
266 291 8
266 292 8
266 293 8
267 273 3
267 274 3
267 275 3
267 276 3
267 277 3
267 278 3
267 279 3
267 280 3
267 281 3
267 282 3
267 283 3
267 284 3
267 285 3
267 286 3
267 287 3
267 288 3
267 289 3
267 290 3
267 291 3
267 292 3
267 293 3
268 273 9
268 274 9
268 275 9
268 276 9
268 277 9
268 278 9
268 279 9
268 280 9
268 281 9
268 282 9
268 283 9
268 284 9
268 285 9
268 286 9
268 287 9
268 288 9
268 289 9
268 290 9
268 291 9
268 292 9
268 293 9
269 273 1
269 274 1
269 275 1
269 276 1
269 277 1
269 278 1
269 279 1
269 280 1
269 281 1
269 282 1
269 283 1
269 284 1
269 285 1
269 286 1
269 287 1
269 288 1
269 289 1
269 290 1
269 291 1
269 292 1
269 293 1
270 273 2
270 274 2
270 275 2
270 276 2
270 277 2
270 278 2
270 279 2
270 280 2
270 281 2
270 282 2
270 283 2
270 284 2
270 285 2
270 286 2
270 287 2
270 288 2
270 289 2
270 290 2
270 291 2
270 292 2
270 293 2
271 273 1
271 274 1
271 275 1
271 276 1
271 277 1
271 278 1
271 279 1
271 280 1
271 281 1
271 282 1
271 283 1
271 284 1
271 285 1
271 286 1
271 287 1
271 288 1
271 289 1
271 290 1
271 291 1
271 292 1
271 293 1
272 273 4
272 274 4
272 275 4
272 276 4
272 277 4
272 278 4
272 279 4
272 280 4
272 281 4
272 282 4
272 283 4
272 284 4
272 285 4
272 286 4
272 287 4
272 288 4
272 289 4
272 290 4
272 291 4
272 292 4
272 293 4
273 252 3
273 253 3
273 254 3
273 255 3
273 256 3
273 257 3
273 258 3
273 259 3
273 260 3
273 261 3
273 262 3
273 263 3
273 264 3
273 265 3
273 266 3
273 267 3
273 268 3
273 269 3
273 270 3
273 271 3
273 272 3
274 252 9
274 253 9
274 254 9
274 255 9
274 256 9
274 257 9
274 258 9
274 259 9
274 260 9
274 261 9
274 262 9
274 263 9
274 264 9
274 265 9
274 266 9
274 267 9
274 268 9
274 269 9
274 270 9
274 271 9
274 272 9
275 252 6
275 253 6
275 254 6
275 255 6
275 256 6
275 257 6
275 258 6
275 259 6
275 260 6
275 261 6
275 262 6
275 263 6
275 264 6
275 265 6
275 266 6
275 267 6
275 268 6
275 269 6
275 270 6
275 271 6
275 272 6
276 252 1
276 253 1
276 254 1
276 255 1
276 256 1
276 257 1
276 258 1
276 259 1
276 260 1
276 261 1
276 262 1
276 263 1
276 264 1
276 265 1
276 266 1
276 267 1
276 268 1
276 269 1
276 270 1
276 271 1
276 272 1
277 252 3
277 253 3
277 254 3
277 255 3
277 256 3
277 257 3
277 258 3
277 259 3
277 260 3
277 261 3
277 262 3
277 263 3
277 264 3
277 265 3
277 266 3
277 267 3
277 268 3
277 269 3
277 270 3
277 271 3
277 272 3
278 252 9
278 253 9
278 254 9
278 255 9
278 256 9
278 257 9
278 258 9
278 259 9
278 260 9
278 261 9
278 262 9
278 263 9
278 264 9
278 265 9
278 266 9
278 267 9
278 268 9
278 269 9
278 270 9
278 271 9
278 272 9
279 252 1
279 253 1
279 254 1
279 255 1
279 256 1
279 257 1
279 258 1
279 259 1
279 260 1
279 261 1
279 262 1
279 263 1
279 264 1
279 265 1
279 266 1
279 267 1
279 268 1
279 269 1
279 270 1
279 271 1
279 272 1
280 252 1
280 253 1
280 254 1
280 255 1
280 256 1
280 257 1
280 258 1
280 259 1
280 260 1
280 261 1
280 262 1
280 263 1
280 264 1
280 265 1
280 266 1
280 267 1
280 268 1
280 269 1
280 270 1
280 271 1
280 272 1
281 252 2
281 253 2
281 254 2
281 255 2
281 256 2
281 257 2
281 258 2
281 259 2
281 260 2
281 261 2
281 262 2
281 263 2
281 264 2
281 265 2
281 266 2
281 267 2
281 268 2
281 269 2
281 270 2
281 271 2
281 272 2
282 252 9
282 253 9
282 254 9
282 255 9
282 256 9
282 257 9
282 258 9
282 259 9
282 260 9
282 261 9
282 262 9
282 263 9
282 264 9
282 265 9
282 266 9
282 267 9
282 268 9
282 269 9
282 270 9
282 271 9
282 272 9
283 252 4
283 253 4
283 254 4
283 255 4
283 256 4
283 257 4
283 258 4
283 259 4
283 260 4
283 261 4
283 262 4
283 263 4
283 264 4
283 265 4
283 266 4
283 267 4
283 268 4
283 269 4
283 270 4
283 271 4
283 272 4
284 252 7
284 253 7
284 254 7
284 255 7
284 256 7
284 257 7
284 258 7
284 259 7
284 260 7
284 261 7
284 262 7
284 263 7
284 264 7
284 265 7
284 266 7
284 267 7
284 268 7
284 269 7
284 270 7
284 271 7
284 272 7
285 252 4
285 253 4
285 254 4
285 255 4
285 256 4
285 257 4
285 258 4
285 259 4
285 260 4
285 261 4
285 262 4
285 263 4
285 264 4
285 265 4
285 266 4
285 267 4
285 268 4
285 269 4
285 270 4
285 271 4
285 272 4
286 252 2
286 253 2
286 254 2
286 255 2
286 256 2
286 257 2
286 258 2
286 259 2
286 260 2
286 261 2
286 262 2
286 263 2
286 264 2
286 265 2
286 266 2
286 267 2
286 268 2
286 269 2
286 270 2
286 271 2
286 272 2
287 252 3
287 253 3
287 254 3
287 255 3
287 256 3
287 257 3
287 258 3
287 259 3
287 260 3
287 261 3
287 262 3
287 263 3
287 264 3
287 265 3
287 266 3
287 267 3
287 268 3
287 269 3
287 270 3
287 271 3
287 272 3
288 252 5
288 253 5
288 254 5
288 255 5
288 256 5
288 257 5
288 258 5
288 259 5
288 260 5
288 261 5
288 262 5
288 263 5
288 264 5
288 265 5
288 266 5
288 267 5
288 268 5
288 269 5
288 270 5
288 271 5
288 272 5
289 252 3
289 253 3
289 254 3
289 255 3
289 256 3
289 257 3
289 258 3
289 259 3
289 260 3
289 261 3
289 262 3
289 263 3
289 264 3
289 265 3
289 266 3
289 267 3
289 268 3
289 269 3
289 270 3
289 271 3
289 272 3
290 252 1
290 253 1
290 254 1
290 255 1
290 256 1
290 257 1
290 258 1
290 259 1
290 260 1
290 261 1
290 262 1
290 263 1
290 264 1
290 265 1
290 266 1
290 267 1
290 268 1
290 269 1
290 270 1
290 271 1
290 272 1
291 252 9
291 253 9
291 254 9
291 255 9
291 256 9
291 257 9
291 258 9
291 259 9
291 260 9
291 261 9
291 262 9
291 263 9
291 264 9
291 265 9
291 266 9
291 267 9
291 268 9
291 269 9
291 270 9
291 271 9
291 272 9
292 252 9
292 253 9
292 254 9
292 255 9
292 256 9
292 257 9
292 258 9
292 259 9
292 260 9
292 261 9
292 262 9
292 263 9
292 264 9
292 265 9
292 266 9
292 267 9
292 268 9
292 269 9
292 270 9
292 271 9
292 272 9
293 252 9
293 253 9
293 254 9
293 255 9
293 256 9
293 257 9
293 258 9
293 259 9
293 260 9
293 261 9
293 262 9
293 263 9
293 264 9
293 265 9
293 266 9
293 267 9
293 268 9
293 269 9
293 270 9
293 271 9
293 272 9
294 308 4
294 309 4
294 310 4
294 311 4
294 312 4
294 313 4
294 314 4
294 315 4
294 316 4
294 317 4
294 318 4
294 319 4
294 320 4
294 321 4
295 308 9
295 309 9
295 310 9
295 311 9
295 312 9
295 313 9
295 314 9
295 315 9
295 316 9
295 317 9
295 318 9
295 319 9
295 320 9
295 321 9
296 308 1
296 309 1
296 310 1
296 311 1
296 312 1
296 313 1
296 314 1
296 315 1
296 316 1
296 317 1
296 318 1
296 319 1
296 320 1
296 321 1
297 308 9
297 309 9
297 310 9
297 311 9
297 312 9
297 313 9
297 314 9
297 315 9
297 316 9
297 317 9
297 318 9
297 319 9
297 320 9
297 321 9
298 308 1
298 309 1
298 310 1
298 311 1
298 312 1
298 313 1
298 314 1
298 315 1
298 316 1
298 317 1
298 318 1
298 319 1
298 320 1
298 321 1
299 308 3
299 309 3
299 310 3
299 311 3
299 312 3
299 313 3
299 314 3
299 315 3
299 316 3
299 317 3
299 318 3
299 319 3
299 320 3
299 321 3
300 308 9
300 309 9
300 310 9
300 311 9
300 312 9
300 313 9
300 314 9
300 315 9
300 316 9
300 317 9
300 318 9
300 319 9
300 320 9
300 321 9
301 308 9
301 309 9
301 310 9
301 311 9
301 312 9
301 313 9
301 314 9
301 315 9
301 316 9
301 317 9
301 318 9
301 319 9
301 320 9
301 321 9
302 308 8
302 309 8
302 310 8
302 311 8
302 312 8
302 313 8
302 314 8
302 315 8
302 316 8
302 317 8
302 318 8
302 319 8
302 320 8
302 321 8
303 308 1
303 309 1
303 310 1
303 311 1
303 312 1
303 313 1
303 314 1
303 315 1
303 316 1
303 317 1
303 318 1
303 319 1
303 320 1
303 321 1
304 308 5
304 309 5
304 310 5
304 311 5
304 312 5
304 313 5
304 314 5
304 315 5
304 316 5
304 317 5
304 318 5
304 319 5
304 320 5
304 321 5
305 308 3
305 309 3
305 310 3
305 311 3
305 312 3
305 313 3
305 314 3
305 315 3
305 316 3
305 317 3
305 318 3
305 319 3
305 320 3
305 321 3
306 308 9
306 309 9
306 310 9
306 311 9
306 312 9
306 313 9
306 314 9
306 315 9
306 316 9
306 317 9
306 318 9
306 319 9
306 320 9
306 321 9
307 308 2
307 309 2
307 310 2
307 311 2
307 312 2
307 313 2
307 314 2
307 315 2
307 316 2
307 317 2
307 318 2
307 319 2
307 320 2
307 321 2
308 294 9
308 295 9
308 296 9
308 297 9
308 298 9
308 299 9
308 300 9
308 301 9
308 302 9
308 303 9
308 304 9
308 305 9
308 306 9
308 307 9
309 294 9
309 295 9
309 296 9
309 297 9
309 298 9
309 299 9
309 300 9
309 301 9
309 302 9
309 303 9
309 304 9
309 305 9
309 306 9
309 307 9
310 294 8
310 295 8
310 296 8
310 297 8
310 298 8
310 299 8
310 300 8
310 301 8
310 302 8
310 303 8
310 304 8
310 305 8
310 306 8
310 307 8
311 294 3
311 295 3
311 296 3
311 297 3
311 298 3
311 299 3
311 300 3
311 301 3
311 302 3
311 303 3
311 304 3
311 305 3
311 306 3
311 307 3
312 294 1
312 295 1
312 296 1
312 297 1
312 298 1
312 299 1
312 300 1
312 301 1
312 302 1
312 303 1
312 304 1
312 305 1
312 306 1
312 307 1
313 294 9
313 295 9
313 296 9
313 297 9
313 298 9
313 299 9
313 300 9
313 301 9
313 302 9
313 303 9
313 304 9
313 305 9
313 306 9
313 307 9
314 294 4
314 295 4
314 296 4
314 297 4
314 298 4
314 299 4
314 300 4
314 301 4
314 302 4
314 303 4
314 304 4
314 305 4
314 306 4
314 307 4
315 294 1
315 295 1
315 296 1
315 297 1
315 298 1
315 299 1
315 300 1
315 301 1
315 302 1
315 303 1
315 304 1
315 305 1
315 306 1
315 307 1
316 294 9
316 295 9
316 296 9
316 297 9
316 298 9
316 299 9
316 300 9
316 301 9
316 302 9
316 303 9
316 304 9
316 305 9
316 306 9
316 307 9
317 294 8
317 295 8
317 296 8
317 297 8
317 298 8
317 299 8
317 300 8
317 301 8
317 302 8
317 303 8
317 304 8
317 305 8
317 306 8
317 307 8
318 294 4
318 295 4
318 296 4
318 297 4
318 298 4
318 299 4
318 300 4
318 301 4
318 302 4
318 303 4
318 304 4
318 305 4
318 306 4
318 307 4
319 294 3
319 295 3
319 296 3
319 297 3
319 298 3
319 299 3
319 300 3
319 301 3
319 302 3
319 303 3
319 304 3
319 305 3
319 306 3
319 307 3
320 294 9
320 295 9
320 296 9
320 297 9
320 298 9
320 299 9
320 300 9
320 301 9
320 302 9
320 303 9
320 304 9
320 305 9
320 306 9
320 307 9
321 294 7
321 295 7
321 296 7
321 297 7
321 298 7
321 299 7
321 300 7
321 301 7
321 302 7
321 303 7
321 304 7
321 305 7
321 306 7
321 307 7
322 332 3
322 333 3
322 334 3
322 335 3
322 336 3
322 337 3
322 338 3
323 332 2
323 333 2
323 334 2
323 335 2
323 336 2
323 337 2
323 338 2
324 332 4
324 333 4
324 334 4
324 335 4
324 336 4
324 337 4
324 338 4
325 332 9
325 333 9
325 334 9
325 335 9
325 336 9
325 337 9
325 338 9
326 332 9
326 333 9
326 334 9
326 335 9
326 336 9
326 337 9
326 338 9
327 332 9
327 333 9
327 334 9
327 335 9
327 336 9
327 337 9
327 338 9
328 332 4
328 333 4
328 334 4
328 335 4
328 336 4
328 337 4
328 338 4
329 332 1
329 333 1
329 334 1
329 335 1
329 336 1
329 337 1
329 338 1
330 332 9
330 333 9
330 334 9
330 335 9
330 336 9
330 337 9
330 338 9
331 332 8
331 333 8
331 334 8
331 335 8
331 336 8
331 337 8
331 338 8
332 322 3
332 323 3
332 324 3
332 325 3
332 326 3
332 327 3
332 328 3
332 329 3
332 330 3
332 331 3
333 322 8
333 323 8
333 324 8
333 325 8
333 326 8
333 327 8
333 328 8
333 329 8
333 330 8
333 331 8
334 322 3
334 323 3
334 324 3
334 325 3
334 326 3
334 327 3
334 328 3
334 329 3
334 330 3
334 331 3
335 322 9
335 323 9
335 324 9
335 325 9
335 326 9
335 327 9
335 328 9
335 329 9
335 330 9
335 331 9
336 322 0
336 323 0
336 324 0
336 325 0
336 326 0
336 327 0
336 328 0
336 329 0
336 330 0
336 331 0
337 322 2
337 323 2
337 324 2
337 325 2
337 326 2
337 327 2
337 328 2
337 329 2
337 330 2
337 331 2
338 322 7
338 323 7
338 324 7
338 325 7
338 326 7
338 327 7
338 328 7
338 329 7
338 330 7
338 331 7
341 361 9
341 362 9
341 363 9
341 364 9
341 365 9
341 366 9
341 367 9
341 368 9
341 369 9
341 370 9
341 371 9
341 372 9
341 373 9
341 374 9
341 375 9
341 376 9
341 377 9
341 378 9
342 361 4
342 362 4
342 363 4
342 364 4
342 365 4
342 366 4
342 367 4
342 368 4
342 369 4
342 370 4
342 371 4
342 372 4
342 373 4
342 374 4
342 375 4
342 376 4
342 377 4
342 378 4
343 361 1
343 362 1
343 363 1
343 364 1
343 365 1
343 366 1
343 367 1
343 368 1
343 369 1
343 370 1
343 371 1
343 372 1
343 373 1
343 374 1
343 375 1
343 376 1
343 377 1
343 378 1
344 361 9
344 362 9
344 363 9
344 364 9
344 365 9
344 366 9
344 367 9
344 368 9
344 369 9
344 370 9
344 371 9
344 372 9
344 373 9
344 374 9
344 375 9
344 376 9
344 377 9
344 378 9
345 361 9
345 362 9
345 363 9
345 364 9
345 365 9
345 366 9
345 367 9
345 368 9
345 369 9
345 370 9
345 371 9
345 372 9
345 373 9
345 374 9
345 375 9
345 376 9
345 377 9
345 378 9
347 361 0
347 362 0
347 363 0
347 364 0
347 365 0
347 366 0
347 367 0
347 368 0
347 369 0
347 370 0
347 371 0
347 372 0
347 373 0
347 374 0
347 375 0
347 376 0
347 377 0
347 378 0
348 361 9
348 362 9
348 363 9
348 364 9
348 365 9
348 366 9
348 367 9
348 368 9
348 369 9
348 370 9
348 371 9
348 372 9
348 373 9
348 374 9
348 375 9
348 376 9
348 377 9
348 378 9
349 361 9
349 362 9
349 363 9
349 364 9
349 365 9
349 366 9
349 367 9
349 368 9
349 369 9
349 370 9
349 371 9
349 372 9
349 373 9
349 374 9
349 375 9
349 376 9
349 377 9
349 378 9
350 361 1
350 362 1
350 363 1
350 364 1
350 365 1
350 366 1
350 367 1
350 368 1
350 369 1
350 370 1
350 371 1
350 372 1
350 373 1
350 374 1
350 375 1
350 376 1
350 377 1
350 378 1
351 361 7
351 362 7
351 363 7
351 364 7
351 365 7
351 366 7
351 367 7
351 368 7
351 369 7
351 370 7
351 371 7
351 372 7
351 373 7
351 374 7
351 375 7
351 376 7
351 377 7
351 378 7
352 361 7
352 362 7
352 363 7
352 364 7
352 365 7
352 366 7
352 367 7
352 368 7
352 369 7
352 370 7
352 371 7
352 372 7
352 373 7
352 374 7
352 375 7
352 376 7
352 377 7
352 378 7
353 361 0
353 362 0
353 363 0
353 364 0
353 365 0
353 366 0
353 367 0
353 368 0
353 369 0
353 370 0
353 371 0
353 372 0
353 373 0
353 374 0
353 375 0
353 376 0
353 377 0
353 378 0
354 361 9
354 362 9
354 363 9
354 364 9
354 365 9
354 366 9
354 367 9
354 368 9
354 369 9
354 370 9
354 371 9
354 372 9
354 373 9
354 374 9
354 375 9
354 376 9
354 377 9
354 378 9
355 361 3
355 362 3
355 363 3
355 364 3
355 365 3
355 366 3
355 367 3
355 368 3
355 369 3
355 370 3
355 371 3
355 372 3
355 373 3
355 374 3
355 375 3
355 376 3
355 377 3
355 378 3
356 361 9
356 362 9
356 363 9
356 364 9
356 365 9
356 366 9
356 367 9
356 368 9
356 369 9
356 370 9
356 371 9
356 372 9
356 373 9
356 374 9
356 375 9
356 376 9
356 377 9
356 378 9
357 361 2
357 362 2
357 363 2
357 364 2
357 365 2
357 366 2
357 367 2
357 368 2
357 369 2
357 370 2
357 371 2
357 372 2
357 373 2
357 374 2
357 375 2
357 376 2
357 377 2
357 378 2
358 361 0
358 362 0
358 363 0
358 364 0
358 365 0
358 366 0
358 367 0
358 368 0
358 369 0
358 370 0
358 371 0
358 372 0
358 373 0
358 374 0
358 375 0
358 376 0
358 377 0
358 378 0
359 361 1
359 362 1
359 363 1
359 364 1
359 365 1
359 366 1
359 367 1
359 368 1
359 369 1
359 370 1
359 371 1
359 372 1
359 373 1
359 374 1
359 375 1
359 376 1
359 377 1
359 378 1
360 361 3
360 362 3
360 363 3
360 364 3
360 365 3
360 366 3
360 367 3
360 368 3
360 369 3
360 370 3
360 371 3
360 372 3
360 373 3
360 374 3
360 375 3
360 376 3
360 377 3
360 378 3
361 341 1
361 342 1
361 343 1
361 344 1
361 345 1
361 347 1
361 348 1
361 349 1
361 350 1
361 351 1
361 352 1
361 353 1
361 354 1
361 355 1
361 356 1
361 357 1
361 358 1
361 359 1
361 360 1
362 341 9
362 342 9
362 343 9
362 344 9
362 345 9
362 347 9
362 348 9
362 349 9
362 350 9
362 351 9
362 352 9
362 353 9
362 354 9
362 355 9
362 356 9
362 357 9
362 358 9
362 359 9
362 360 9
363 341 3
363 342 3
363 343 3
363 344 3
363 345 3
363 347 3
363 348 3
363 349 3
363 350 3
363 351 3
363 352 3
363 353 3
363 354 3
363 355 3
363 356 3
363 357 3
363 358 3
363 359 3
363 360 3
364 341 9
364 342 9
364 343 9
364 344 9
364 345 9
364 347 9
364 348 9
364 349 9
364 350 9
364 351 9
364 352 9
364 353 9
364 354 9
364 355 9
364 356 9
364 357 9
364 358 9
364 359 9
364 360 9
365 341 8
365 342 8
365 343 8
365 344 8
365 345 8
365 347 8
365 348 8
365 349 8
365 350 8
365 351 8
365 352 8
365 353 8
365 354 8
365 355 8
365 356 8
365 357 8
365 358 8
365 359 8
365 360 8
366 341 9
366 342 9
366 343 9
366 344 9
366 345 9
366 347 9
366 348 9
366 349 9
366 350 9
366 351 9
366 352 9
366 353 9
366 354 9
366 355 9
366 356 9
366 357 9
366 358 9
366 359 9
366 360 9
367 341 0
367 342 0
367 343 0
367 344 0
367 345 0
367 347 0
367 348 0
367 349 0
367 350 0
367 351 0
367 352 0
367 353 0
367 354 0
367 355 0
367 356 0
367 357 0
367 358 0
367 359 0
367 360 0
368 341 0
368 342 0
368 343 0
368 344 0
368 345 0
368 347 0
368 348 0
368 349 0
368 350 0
368 351 0
368 352 0
368 353 0
368 354 0
368 355 0
368 356 0
368 357 0
368 358 0
368 359 0
368 360 0
369 341 4
369 342 4
369 343 4
369 344 4
369 345 4
369 347 4
369 348 4
369 349 4
369 350 4
369 351 4
369 352 4
369 353 4
369 354 4
369 355 4
369 356 4
369 357 4
369 358 4
369 359 4
369 360 4
370 341 3
370 342 3
370 343 3
370 344 3
370 345 3
370 347 3
370 348 3
370 349 3
370 350 3
370 351 3
370 352 3
370 353 3
370 354 3
370 355 3
370 356 3
370 357 3
370 358 3
370 359 3
370 360 3
371 341 4
371 342 4
371 343 4
371 344 4
371 345 4
371 347 4
371 348 4
371 349 4
371 350 4
371 351 4
371 352 4
371 353 4
371 354 4
371 355 4
371 356 4
371 357 4
371 358 4
371 359 4
371 360 4
372 341 9
372 342 9
372 343 9
372 344 9
372 345 9
372 347 9
372 348 9
372 349 9
372 350 9
372 351 9
372 352 9
372 353 9
372 354 9
372 355 9
372 356 9
372 357 9
372 358 9
372 359 9
372 360 9
373 341 6
373 342 6
373 343 6
373 344 6
373 345 6
373 347 6
373 348 6
373 349 6
373 350 6
373 351 6
373 352 6
373 353 6
373 354 6
373 355 6
373 356 6
373 357 6
373 358 6
373 359 6
373 360 6
374 341 3
374 342 3
374 343 3
374 344 3
374 345 3
374 347 3
374 348 3
374 349 3
374 350 3
374 351 3
374 352 3
374 353 3
374 354 3
374 355 3
374 356 3
374 357 3
374 358 3
374 359 3
374 360 3
375 341 9
375 342 9
375 343 9
375 344 9
375 345 9
375 347 9
375 348 9
375 349 9
375 350 9
375 351 9
375 352 9
375 353 9
375 354 9
375 355 9
375 356 9
375 357 9
375 358 9
375 359 9
375 360 9
376 341 9
376 342 9
376 343 9
376 344 9
376 345 9
376 347 9
376 348 9
376 349 9
376 350 9
376 351 9
376 352 9
376 353 9
376 354 9
376 355 9
376 356 9
376 357 9
376 358 9
376 359 9
376 360 9
377 341 7
377 342 7
377 343 7
377 344 7
377 345 7
377 347 7
377 348 7
377 349 7
377 350 7
377 351 7
377 352 7
377 353 7
377 354 7
377 355 7
377 356 7
377 357 7
377 358 7
377 359 7
377 360 7
378 341 9
378 342 9
378 343 9
378 344 9
378 345 9
378 347 9
378 348 9
378 349 9
378 350 9
378 351 9
378 352 9
378 353 9
378 354 9
378 355 9
378 356 9
378 357 9
378 358 9
378 359 9
378 360 9
379 397 1
379 398 1
379 399 1
379 400 1
379 401 1
379 402 1
379 403 1
379 404 1
379 405 1
379 406 1
379 407 1
379 408 1
379 409 1
379 410 1
379 411 1
379 412 1
379 413 1
379 414 1
379 415 1
380 397 5
380 398 5
380 399 5
380 400 5
380 401 5
380 402 5
380 403 5
380 404 5
380 405 5
380 406 5
380 407 5
380 408 5
380 409 5
380 410 5
380 411 5
380 412 5
380 413 5
380 414 5
380 415 5
381 397 0
381 398 0
381 399 0
381 400 0
381 401 0
381 402 0
381 403 0
381 404 0
381 405 0
381 406 0
381 407 0
381 408 0
381 409 0
381 410 0
381 411 0
381 412 0
381 413 0
381 414 0
381 415 0
382 397 1
382 398 1
382 399 1
382 400 1
382 401 1
382 402 1
382 403 1
382 404 1
382 405 1
382 406 1
382 407 1
382 408 1
382 409 1
382 410 1
382 411 1
382 412 1
382 413 1
382 414 1
382 415 1
383 397 7
383 398 7
383 399 7
383 400 7
383 401 7
383 402 7
383 403 7
383 404 7
383 405 7
383 406 7
383 407 7
383 408 7
383 409 7
383 410 7
383 411 7
383 412 7
383 413 7
383 414 7
383 415 7
384 397 9
384 398 9
384 399 9
384 400 9
384 401 9
384 402 9
384 403 9
384 404 9
384 405 9
384 406 9
384 407 9
384 408 9
384 409 9
384 410 9
384 411 9
384 412 9
384 413 9
384 414 9
384 415 9
385 397 2
385 398 2
385 399 2
385 400 2
385 401 2
385 402 2
385 403 2
385 404 2
385 405 2
385 406 2
385 407 2
385 408 2
385 409 2
385 410 2
385 411 2
385 412 2
385 413 2
385 414 2
385 415 2
386 397 1
386 398 1
386 399 1
386 400 1
386 401 1
386 402 1
386 403 1
386 404 1
386 405 1
386 406 1
386 407 1
386 408 1
386 409 1
386 410 1
386 411 1
386 412 1
386 413 1
386 414 1
386 415 1
387 397 9
387 398 9
387 399 9
387 400 9
387 401 9
387 402 9
387 403 9
387 404 9
387 405 9
387 406 9
387 407 9
387 408 9
387 409 9
387 410 9
387 411 9
387 412 9
387 413 9
387 414 9
387 415 9
388 397 2
388 398 2
388 399 2
388 400 2
388 401 2
388 402 2
388 403 2
388 404 2
388 405 2
388 406 2
388 407 2
388 408 2
388 409 2
388 410 2
388 411 2
388 412 2
388 413 2
388 414 2
388 415 2
389 397 8
389 398 8
389 399 8
389 400 8
389 401 8
389 402 8
389 403 8
389 404 8
389 405 8
389 406 8
389 407 8
389 408 8
389 409 8
389 410 8
389 411 8
389 412 8
389 413 8
389 414 8
389 415 8
390 397 9
390 398 9
390 399 9
390 400 9
390 401 9
390 402 9
390 403 9
390 404 9
390 405 9
390 406 9
390 407 9
390 408 9
390 409 9
390 410 9
390 411 9
390 412 9
390 413 9
390 414 9
390 415 9
391 397 1
391 398 1
391 399 1
391 400 1
391 401 1
391 402 1
391 403 1
391 404 1
391 405 1
391 406 1
391 407 1
391 408 1
391 409 1
391 410 1
391 411 1
391 412 1
391 413 1
391 414 1
391 415 1
392 397 5
392 398 5
392 399 5
392 400 5
392 401 5
392 402 5
392 403 5
392 404 5
392 405 5
392 406 5
392 407 5
392 408 5
392 409 5
392 410 5
392 411 5
392 412 5
392 413 5
392 414 5
392 415 5
393 397 9
393 398 9
393 399 9
393 400 9
393 401 9
393 402 9
393 403 9
393 404 9
393 405 9
393 406 9
393 407 9
393 408 9
393 409 9
393 410 9
393 411 9
393 412 9
393 413 9
393 414 9
393 415 9
394 397 2
394 398 2
394 399 2
394 400 2
394 401 2
394 402 2
394 403 2
394 404 2
394 405 2
394 406 2
394 407 2
394 408 2
394 409 2
394 410 2
394 411 2
394 412 2
394 413 2
394 414 2
394 415 2
395 397 1
395 398 1
395 399 1
395 400 1
395 401 1
395 402 1
395 403 1
395 404 1
395 405 1
395 406 1
395 407 1
395 408 1
395 409 1
395 410 1
395 411 1
395 412 1
395 413 1
395 414 1
395 415 1
396 397 9
396 398 9
396 399 9
396 400 9
396 401 9
396 402 9
396 403 9
396 404 9
396 405 9
396 406 9
396 407 9
396 408 9
396 409 9
396 410 9
396 411 9
396 412 9
396 413 9
396 414 9
396 415 9
397 379 9
397 380 9
397 381 9
397 382 9
397 383 9
397 384 9
397 385 9
397 386 9
397 387 9
397 388 9
397 389 9
397 390 9
397 391 9
397 392 9
397 393 9
397 394 9
397 395 9
397 396 9
398 379 3
398 380 3
398 381 3
398 382 3
398 383 3
398 384 3
398 385 3
398 386 3
398 387 3
398 388 3
398 389 3
398 390 3
398 391 3
398 392 3
398 393 3
398 394 3
398 395 3
398 396 3
399 379 9
399 380 9
399 381 9
399 382 9
399 383 9
399 384 9
399 385 9
399 386 9
399 387 9
399 388 9
399 389 9
399 390 9
399 391 9
399 392 9
399 393 9
399 394 9
399 395 9
399 396 9
400 379 3
400 380 3
400 381 3
400 382 3
400 383 3
400 384 3
400 385 3
400 386 3
400 387 3
400 388 3
400 389 3
400 390 3
400 391 3
400 392 3
400 393 3
400 394 3
400 395 3
400 396 3
401 379 8
401 380 8
401 381 8
401 382 8
401 383 8
401 384 8
401 385 8
401 386 8
401 387 8
401 388 8
401 389 8
401 390 8
401 391 8
401 392 8
401 393 8
401 394 8
401 395 8
401 396 8
402 379 4
402 380 4
402 381 4
402 382 4
402 383 4
402 384 4
402 385 4
402 386 4
402 387 4
402 388 4
402 389 4
402 390 4
402 391 4
402 392 4
402 393 4
402 394 4
402 395 4
402 396 4
403 379 1
403 380 1
403 381 1
403 382 1
403 383 1
403 384 1
403 385 1
403 386 1
403 387 1
403 388 1
403 389 1
403 390 1
403 391 1
403 392 1
403 393 1
403 394 1
403 395 1
403 396 1
404 379 9
404 380 9
404 381 9
404 382 9
404 383 9
404 384 9
404 385 9
404 386 9
404 387 9
404 388 9
404 389 9
404 390 9
404 391 9
404 392 9
404 393 9
404 394 9
404 395 9
404 396 9
405 379 9
405 380 9
405 381 9
405 382 9
405 383 9
405 384 9
405 385 9
405 386 9
405 387 9
405 388 9
405 389 9
405 390 9
405 391 9
405 392 9
405 393 9
405 394 9
405 395 9
405 396 9
406 379 6
406 380 6
406 381 6
406 382 6
406 383 6
406 384 6
406 385 6
406 386 6
406 387 6
406 388 6
406 389 6
406 390 6
406 391 6
406 392 6
406 393 6
406 394 6
406 395 6
406 396 6
407 379 9
407 380 9
407 381 9
407 382 9
407 383 9
407 384 9
407 385 9
407 386 9
407 387 9
407 388 9
407 389 9
407 390 9
407 391 9
407 392 9
407 393 9
407 394 9
407 395 9
407 396 9
408 379 9
408 380 9
408 381 9
408 382 9
408 383 9
408 384 9
408 385 9
408 386 9
408 387 9
408 388 9
408 389 9
408 390 9
408 391 9
408 392 9
408 393 9
408 394 9
408 395 9
408 396 9
409 379 9
409 380 9
409 381 9
409 382 9
409 383 9
409 384 9
409 385 9
409 386 9
409 387 9
409 388 9
409 389 9
409 390 9
409 391 9
409 392 9
409 393 9
409 394 9
409 395 9
409 396 9
410 379 9
410 380 9
410 381 9
410 382 9
410 383 9
410 384 9
410 385 9
410 386 9
410 387 9
410 388 9
410 389 9
410 390 9
410 391 9
410 392 9
410 393 9
410 394 9
410 395 9
410 396 9
411 379 8
411 380 8
411 381 8
411 382 8
411 383 8
411 384 8
411 385 8
411 386 8
411 387 8
411 388 8
411 389 8
411 390 8
411 391 8
411 392 8
411 393 8
411 394 8
411 395 8
411 396 8
412 379 3
412 380 3
412 381 3
412 382 3
412 383 3
412 384 3
412 385 3
412 386 3
412 387 3
412 388 3
412 389 3
412 390 3
412 391 3
412 392 3
412 393 3
412 394 3
412 395 3
412 396 3
413 379 0
413 380 0
413 381 0
413 382 0
413 383 0
413 384 0
413 385 0
413 386 0
413 387 0
413 388 0
413 389 0
413 390 0
413 391 0
413 392 0
413 393 0
413 394 0
413 395 0
413 396 0
415 379 1
415 380 1
415 381 1
415 382 1
415 383 1
415 384 1
415 385 1
415 386 1
415 387 1
415 388 1
415 389 1
415 390 1
415 391 1
415 392 1
415 393 1
415 394 1
415 395 1
415 396 1
417 422 1
417 423 1
417 424 1
417 425 1
417 426 1
417 427 1
417 428 1
417 429 1
418 422 2
418 423 2
418 424 2
418 425 2
418 426 2
418 427 2
418 428 2
418 429 2
419 422 8
419 423 8
419 424 8
419 425 8
419 426 8
419 427 8
419 428 8
419 429 8
420 422 1
420 423 1
420 424 1
420 425 1
420 426 1
420 427 1
420 428 1
420 429 1
421 422 0
421 423 0
421 424 0
421 425 0
421 426 0
421 427 0
421 428 0
421 429 0
422 416 1
422 417 1
422 418 1
422 419 1
422 420 1
422 421 1
423 416 1
423 417 1
423 418 1
423 419 1
423 420 1
423 421 1
424 416 2
424 417 2
424 418 2
424 419 2
424 420 2
424 421 2
425 416 1
425 417 1
425 418 1
425 419 1
425 420 1
425 421 1
426 416 4
426 417 4
426 418 4
426 419 4
426 420 4
426 421 4
427 416 9
427 417 9
427 418 9
427 419 9
427 420 9
427 421 9
428 416 3
428 417 3
428 418 3
428 419 3
428 420 3
428 421 3
429 416 4
429 417 4
429 418 4
429 419 4
429 420 4
429 421 4
430 440 2
430 441 2
430 442 2
430 443 2
430 444 2
430 445 2
430 446 2
430 447 2
430 448 2
430 449 2
430 450 2
430 451 2
430 452 2
430 453 2
431 440 9
431 441 9
431 442 9
431 443 9
431 444 9
431 445 9
431 446 9
431 447 9
431 448 9
431 449 9
431 450 9
431 451 9
431 452 9
431 453 9
432 440 1
432 441 1
432 442 1
432 443 1
432 444 1
432 445 1
432 446 1
432 447 1
432 448 1
432 449 1
432 450 1
432 451 1
432 452 1
432 453 1
433 440 7
433 441 7
433 442 7
433 443 7
433 444 7
433 445 7
433 446 7
433 447 7
433 448 7
433 449 7
433 450 7
433 451 7
433 452 7
433 453 7
434 440 0
434 441 0
434 442 0
434 443 0
434 444 0
434 445 0
434 446 0
434 447 0
434 448 0
434 449 0
434 450 0
434 451 0
434 452 0
434 453 0
435 440 9
435 441 9
435 442 9
435 443 9
435 444 9
435 445 9
435 446 9
435 447 9
435 448 9
435 449 9
435 450 9
435 451 9
435 452 9
435 453 9
436 440 9
436 441 9
436 442 9
436 443 9
436 444 9
436 445 9
436 446 9
436 447 9
436 448 9
436 449 9
436 450 9
436 451 9
436 452 9
436 453 9
437 440 9
437 441 9
437 442 9
437 443 9
437 444 9
437 445 9
437 446 9
437 447 9
437 448 9
437 449 9
437 450 9
437 451 9
437 452 9
437 453 9
438 440 2
438 441 2
438 442 2
438 443 2
438 444 2
438 445 2
438 446 2
438 447 2
438 448 2
438 449 2
438 450 2
438 451 2
438 452 2
438 453 2
439 440 1
439 441 1
439 442 1
439 443 1
439 444 1
439 445 1
439 446 1
439 447 1
439 448 1
439 449 1
439 450 1
439 451 1
439 452 1
439 453 1
440 430 4
440 431 4
440 432 4
440 433 4
440 434 4
440 435 4
440 436 4
440 437 4
440 438 4
440 439 4
441 430 4
441 431 4
441 432 4
441 433 4
441 434 4
441 435 4
441 436 4
441 437 4
441 438 4
441 439 4
442 430 4
442 431 4
442 432 4
442 433 4
442 434 4
442 435 4
442 436 4
442 437 4
442 438 4
442 439 4
443 430 3
443 431 3
443 432 3
443 433 3
443 434 3
443 435 3
443 436 3
443 437 3
443 438 3
443 439 3
444 430 3
444 431 3
444 432 3
444 433 3
444 434 3
444 435 3
444 436 3
444 437 3
444 438 3
444 439 3
445 430 8
445 431 8
445 432 8
445 433 8
445 434 8
445 435 8
445 436 8
445 437 8
445 438 8
445 439 8
446 430 7
446 431 7
446 432 7
446 433 7
446 434 7
446 435 7
446 436 7
446 437 7
446 438 7
446 439 7
447 430 3
447 431 3
447 432 3
447 433 3
447 434 3
447 435 3
447 436 3
447 437 3
447 438 3
447 439 3
448 430 9
448 431 9
448 432 9
448 433 9
448 434 9
448 435 9
448 436 9
448 437 9
448 438 9
448 439 9
449 430 4
449 431 4
449 432 4
449 433 4
449 434 4
449 435 4
449 436 4
449 437 4
449 438 4
449 439 4
450 430 3
450 431 3
450 432 3
450 433 3
450 434 3
450 435 3
450 436 3
450 437 3
450 438 3
450 439 3
451 430 6
451 431 6
451 432 6
451 433 6
451 434 6
451 435 6
451 436 6
451 437 6
451 438 6
451 439 6
452 430 4
452 431 4
452 432 4
452 433 4
452 434 4
452 435 4
452 436 4
452 437 4
452 438 4
452 439 4
453 430 3
453 431 3
453 432 3
453 433 3
453 434 3
453 435 3
453 436 3
453 437 3
453 438 3
453 439 3
454 460 9
454 461 9
454 462 9
454 463 9
454 464 9
454 465 9
455 460 6
455 461 6
455 462 6
455 463 6
455 464 6
455 465 6
456 460 7
456 461 7
456 462 7
456 463 7
456 464 7
456 465 7
457 460 8
457 461 8
457 462 8
457 463 8
457 464 8
457 465 8
458 460 4
458 461 4
458 462 4
458 463 4
458 464 4
458 465 4
459 460 0
459 461 0
459 462 0
459 463 0
459 464 0
459 465 0
460 454 1
460 455 1
460 456 1
460 457 1
460 458 1
460 459 1
461 454 7
461 455 7
461 456 7
461 457 7
461 458 7
461 459 7
462 454 3
462 455 3
462 456 3
462 457 3
462 458 3
462 459 3
463 454 2
463 455 2
463 456 2
463 457 2
463 458 2
463 459 2
464 454 6
464 455 6
464 456 6
464 457 6
464 458 6
464 459 6
465 454 9
465 455 9
465 456 9
465 457 9
465 458 9
465 459 9
466 481 9
466 482 9
466 483 9
466 484 9
466 485 9
466 486 9
466 487 9
466 488 9
466 489 9
466 490 9
466 491 9
466 492 9
466 493 9
466 494 9
466 495 9
467 481 9
467 482 9
467 483 9
467 484 9
467 485 9
467 486 9
467 487 9
467 488 9
467 489 9
467 490 9
467 491 9
467 492 9
467 493 9
467 494 9
467 495 9
468 481 2
468 482 2
468 483 2
468 484 2
468 485 2
468 486 2
468 487 2
468 488 2
468 489 2
468 490 2
468 491 2
468 492 2
468 493 2
468 494 2
468 495 2
469 481 0
469 482 0
469 483 0
469 484 0
469 485 0
469 486 0
469 487 0
469 488 0
469 489 0
469 490 0
469 491 0
469 492 0
469 493 0
469 494 0
469 495 0
470 481 5
470 482 5
470 483 5
470 484 5
470 485 5
470 486 5
470 487 5
470 488 5
470 489 5
470 490 5
470 491 5
470 492 5
470 493 5
470 494 5
470 495 5
471 481 9
471 482 9
471 483 9
471 484 9
471 485 9
471 486 9
471 487 9
471 488 9
471 489 9
471 490 9
471 491 9
471 492 9
471 493 9
471 494 9
471 495 9
472 481 9
472 482 9
472 483 9
472 484 9
472 485 9
472 486 9
472 487 9
472 488 9
472 489 9
472 490 9
472 491 9
472 492 9
472 493 9
472 494 9
472 495 9
473 481 9
473 482 9
473 483 9
473 484 9
473 485 9
473 486 9
473 487 9
473 488 9
473 489 9
473 490 9
473 491 9
473 492 9
473 493 9
473 494 9
473 495 9
474 481 5
474 482 5
474 483 5
474 484 5
474 485 5
474 486 5
474 487 5
474 488 5
474 489 5
474 490 5
474 491 5
474 492 5
474 493 5
474 494 5
474 495 5
475 481 5
475 482 5
475 483 5
475 484 5
475 485 5
475 486 5
475 487 5
475 488 5
475 489 5
475 490 5
475 491 5
475 492 5
475 493 5
475 494 5
475 495 5
476 481 2
476 482 2
476 483 2
476 484 2
476 485 2
476 486 2
476 487 2
476 488 2
476 489 2
476 490 2
476 491 2
476 492 2
476 493 2
476 494 2
476 495 2
477 481 2
477 482 2
477 483 2
477 484 2
477 485 2
477 486 2
477 487 2
477 488 2
477 489 2
477 490 2
477 491 2
477 492 2
477 493 2
477 494 2
477 495 2
478 481 9
478 482 9
478 483 9
478 484 9
478 485 9
478 486 9
478 487 9
478 488 9
478 489 9
478 490 9
478 491 9
478 492 9
478 493 9
478 494 9
478 495 9
479 481 9
479 482 9
479 483 9
479 484 9
479 485 9
479 486 9
479 487 9
479 488 9
479 489 9
479 490 9
479 491 9
479 492 9
479 493 9
479 494 9
479 495 9
480 481 9
480 482 9
480 483 9
480 484 9
480 485 9
480 486 9
480 487 9
480 488 9
480 489 9
480 490 9
480 491 9
480 492 9
480 493 9
480 494 9
480 495 9
481 466 9
481 467 9
481 468 9
481 469 9
481 470 9
481 471 9
481 472 9
481 473 9
481 474 9
481 475 9
481 476 9
481 477 9
481 478 9
481 479 9
481 480 9
482 466 9
482 467 9
482 468 9
482 469 9
482 470 9
482 471 9
482 472 9
482 473 9
482 474 9
482 475 9
482 476 9
482 477 9
482 478 9
482 479 9
482 480 9
483 466 4
483 467 4
483 468 4
483 469 4
483 470 4
483 471 4
483 472 4
483 473 4
483 474 4
483 475 4
483 476 4
483 477 4
483 478 4
483 479 4
483 480 4
484 466 5
484 467 5
484 468 5
484 469 5
484 470 5
484 471 5
484 472 5
484 473 5
484 474 5
484 475 5
484 476 5
484 477 5
484 478 5
484 479 5
484 480 5
485 466 9
485 467 9
485 468 9
485 469 9
485 470 9
485 471 9
485 472 9
485 473 9
485 474 9
485 475 9
485 476 9
485 477 9
485 478 9
485 479 9
485 480 9
486 466 9
486 467 9
486 468 9
486 469 9
486 470 9
486 471 9
486 472 9
486 473 9
486 474 9
486 475 9
486 476 9
486 477 9
486 478 9
486 479 9
486 480 9
487 466 3
487 467 3
487 468 3
487 469 3
487 470 3
487 471 3
487 472 3
487 473 3
487 474 3
487 475 3
487 476 3
487 477 3
487 478 3
487 479 3
487 480 3
488 466 5
488 467 5
488 468 5
488 469 5
488 470 5
488 471 5
488 472 5
488 473 5
488 474 5
488 475 5
488 476 5
488 477 5
488 478 5
488 479 5
488 480 5
489 466 9
489 467 9
489 468 9
489 469 9
489 470 9
489 471 9
489 472 9
489 473 9
489 474 9
489 475 9
489 476 9
489 477 9
489 478 9
489 479 9
489 480 9
490 466 5
490 467 5
490 468 5
490 469 5
490 470 5
490 471 5
490 472 5
490 473 5
490 474 5
490 475 5
490 476 5
490 477 5
490 478 5
490 479 5
490 480 5
491 466 0
491 467 0
491 468 0
491 469 0
491 470 0
491 471 0
491 472 0
491 473 0
491 474 0
491 475 0
491 476 0
491 477 0
491 478 0
491 479 0
491 480 0
492 466 4
492 467 4
492 468 4
492 469 4
492 470 4
492 471 4
492 472 4
492 473 4
492 474 4
492 475 4
492 476 4
492 477 4
492 478 4
492 479 4
492 480 4
493 466 0
493 467 0
493 468 0
493 469 0
493 470 0
493 471 0
493 472 0
493 473 0
493 474 0
493 475 0
493 476 0
493 477 0
493 478 0
493 479 0
493 480 0
494 466 4
494 467 4
494 468 4
494 469 4
494 470 4
494 471 4
494 472 4
494 473 4
494 474 4
494 475 4
494 476 4
494 477 4
494 478 4
494 479 4
494 480 4
495 466 7
495 467 7
495 468 7
495 469 7
495 470 7
495 471 7
495 472 7
495 473 7
495 474 7
495 475 7
495 476 7
495 477 7
495 478 7
495 479 7
495 480 7
496 502 3
496 503 3
496 504 3
496 505 3
496 506 3
496 507 3
496 508 3
497 502 9
497 503 9
497 504 9
497 505 9
497 506 9
497 507 9
497 508 9
498 502 9
498 503 9
498 504 9
498 505 9
498 506 9
498 507 9
498 508 9
499 502 9
499 503 9
499 504 9
499 505 9
499 506 9
499 507 9
499 508 9
500 502 4
500 503 4
500 504 4
500 505 4
500 506 4
500 507 4
500 508 4
501 502 1
501 503 1
501 504 1
501 505 1
501 506 1
501 507 1
501 508 1
502 496 4
502 497 4
502 498 4
502 499 4
502 500 4
502 501 4
503 496 4
503 497 4
503 498 4
503 499 4
503 500 4
503 501 4
504 496 1
504 497 1
504 498 1
504 499 1
504 500 1
504 501 1
505 496 9
505 497 9
505 498 9
505 499 9
505 500 9
505 501 9
506 496 2
506 497 2
506 498 2
506 499 2
506 500 2
506 501 2
507 496 9
507 497 9
507 498 9
507 499 9
507 500 9
507 501 9
508 496 9
508 497 9
508 498 9
508 499 9
508 500 9
508 501 9
509 531 5
509 532 5
509 533 5
509 534 5
509 535 5
509 536 5
509 537 5
509 538 5
509 539 5
509 540 5
509 541 5
509 542 5
509 543 5
509 544 5
509 545 5
509 546 5
509 547 5
509 548 5
509 549 5
509 550 5
509 551 5
509 552 5
510 531 3
510 532 3
510 533 3
510 534 3
510 535 3
510 536 3
510 537 3
510 538 3
510 539 3
510 540 3
510 541 3
510 542 3
510 543 3
510 544 3
510 545 3
510 546 3
510 547 3
510 548 3
510 549 3
510 550 3
510 551 3
510 552 3
511 531 6
511 532 6
511 533 6
511 534 6
511 535 6
511 536 6
511 537 6
511 538 6
511 539 6
511 540 6
511 541 6
511 542 6
511 543 6
511 544 6
511 545 6
511 546 6
511 547 6
511 548 6
511 549 6
511 550 6
511 551 6
511 552 6
513 531 2
513 532 2
513 533 2
513 534 2
513 535 2
513 536 2
513 537 2
513 538 2
513 539 2
513 540 2
513 541 2
513 542 2
513 543 2
513 544 2
513 545 2
513 546 2
513 547 2
513 548 2
513 549 2
513 550 2
513 551 2
513 552 2
514 531 9
514 532 9
514 533 9
514 534 9
514 535 9
514 536 9
514 537 9
514 538 9
514 539 9
514 540 9
514 541 9
514 542 9
514 543 9
514 544 9
514 545 9
514 546 9
514 547 9
514 548 9
514 549 9
514 550 9
514 551 9
514 552 9
515 531 9
515 532 9
515 533 9
515 534 9
515 535 9
515 536 9
515 537 9
515 538 9
515 539 9
515 540 9
515 541 9
515 542 9
515 543 9
515 544 9
515 545 9
515 546 9
515 547 9
515 548 9
515 549 9
515 550 9
515 551 9
515 552 9
516 531 3
516 532 3
516 533 3
516 534 3
516 535 3
516 536 3
516 537 3
516 538 3
516 539 3
516 540 3
516 541 3
516 542 3
516 543 3
516 544 3
516 545 3
516 546 3
516 547 3
516 548 3
516 549 3
516 550 3
516 551 3
516 552 3
517 531 9
517 532 9
517 533 9
517 534 9
517 535 9
517 536 9
517 537 9
517 538 9
517 539 9
517 540 9
517 541 9
517 542 9
517 543 9
517 544 9
517 545 9
517 546 9
517 547 9
517 548 9
517 549 9
517 550 9
517 551 9
517 552 9
518 531 9
518 532 9
518 533 9
518 534 9
518 535 9
518 536 9
518 537 9
518 538 9
518 539 9
518 540 9
518 541 9
518 542 9
518 543 9
518 544 9
518 545 9
518 546 9
518 547 9
518 548 9
518 549 9
518 550 9
518 551 9
518 552 9
519 531 4
519 532 4
519 533 4
519 534 4
519 535 4
519 536 4
519 537 4
519 538 4
519 539 4
519 540 4
519 541 4
519 542 4
519 543 4
519 544 4
519 545 4
519 546 4
519 547 4
519 548 4
519 549 4
519 550 4
519 551 4
519 552 4
520 531 7
520 532 7
520 533 7
520 534 7
520 535 7
520 536 7
520 537 7
520 538 7
520 539 7
520 540 7
520 541 7
520 542 7
520 543 7
520 544 7
520 545 7
520 546 7
520 547 7
520 548 7
520 549 7
520 550 7
520 551 7
520 552 7
521 531 9
521 532 9
521 533 9
521 534 9
521 535 9
521 536 9
521 537 9
521 538 9
521 539 9
521 540 9
521 541 9
521 542 9
521 543 9
521 544 9
521 545 9
521 546 9
521 547 9
521 548 9
521 549 9
521 550 9
521 551 9
521 552 9
522 531 2
522 532 2
522 533 2
522 534 2
522 535 2
522 536 2
522 537 2
522 538 2
522 539 2
522 540 2
522 541 2
522 542 2
522 543 2
522 544 2
522 545 2
522 546 2
522 547 2
522 548 2
522 549 2
522 550 2
522 551 2
522 552 2
523 531 9
523 532 9
523 533 9
523 534 9
523 535 9
523 536 9
523 537 9
523 538 9
523 539 9
523 540 9
523 541 9
523 542 9
523 543 9
523 544 9
523 545 9
523 546 9
523 547 9
523 548 9
523 549 9
523 550 9
523 551 9
523 552 9
524 531 2
524 532 2
524 533 2
524 534 2
524 535 2
524 536 2
524 537 2
524 538 2
524 539 2
524 540 2
524 541 2
524 542 2
524 543 2
524 544 2
524 545 2
524 546 2
524 547 2
524 548 2
524 549 2
524 550 2
524 551 2
524 552 2
525 531 1
525 532 1
525 533 1
525 534 1
525 535 1
525 536 1
525 537 1
525 538 1
525 539 1
525 540 1
525 541 1
525 542 1
525 543 1
525 544 1
525 545 1
525 546 1
525 547 1
525 548 1
525 549 1
525 550 1
525 551 1
525 552 1
526 531 0
526 532 0
526 533 0
526 534 0
526 535 0
526 536 0
526 537 0
526 538 0
526 539 0
526 540 0
526 541 0
526 542 0
526 543 0
526 544 0
526 545 0
526 546 0
526 547 0
526 548 0
526 549 0
526 550 0
526 551 0
526 552 0
527 531 4
527 532 4
527 533 4
527 534 4
527 535 4
527 536 4
527 537 4
527 538 4
527 539 4
527 540 4
527 541 4
527 542 4
527 543 4
527 544 4
527 545 4
527 546 4
527 547 4
527 548 4
527 549 4
527 550 4
527 551 4
527 552 4
528 531 0
528 532 0
528 533 0
528 534 0
528 535 0
528 536 0
528 537 0
528 538 0
528 539 0
528 540 0
528 541 0
528 542 0
528 543 0
528 544 0
528 545 0
528 546 0
528 547 0
528 548 0
528 549 0
528 550 0
528 551 0
528 552 0
529 531 3
529 532 3
529 533 3
529 534 3
529 535 3
529 536 3
529 537 3
529 538 3
529 539 3
529 540 3
529 541 3
529 542 3
529 543 3
529 544 3
529 545 3
529 546 3
529 547 3
529 548 3
529 549 3
529 550 3
529 551 3
529 552 3
530 531 6
530 532 6
530 533 6
530 534 6
530 535 6
530 536 6
530 537 6
530 538 6
530 539 6
530 540 6
530 541 6
530 542 6
530 543 6
530 544 6
530 545 6
530 546 6
530 547 6
530 548 6
530 549 6
530 550 6
530 551 6
530 552 6
531 509 4
531 510 4
531 511 4
531 512 4
531 513 4
531 514 4
531 515 4
531 516 4
531 517 4
531 518 4
531 519 4
531 520 4
531 521 4
531 522 4
531 523 4
531 524 4
531 525 4
531 526 4
531 527 4
531 528 4
531 529 4
531 530 4
532 509 9
532 510 9
532 511 9
532 512 9
532 513 9
532 514 9
532 515 9
532 516 9
532 517 9
532 518 9
532 519 9
532 520 9
532 521 9
532 522 9
532 523 9
532 524 9
532 525 9
532 526 9
532 527 9
532 528 9
532 529 9
532 530 9
533 509 1
533 510 1
533 511 1
533 512 1
533 513 1
533 514 1
533 515 1
533 516 1
533 517 1
533 518 1
533 519 1
533 520 1
533 521 1
533 522 1
533 523 1
533 524 1
533 525 1
533 526 1
533 527 1
533 528 1
533 529 1
533 530 1
534 509 4
534 510 4
534 511 4
534 512 4
534 513 4
534 514 4
534 515 4
534 516 4
534 517 4
534 518 4
534 519 4
534 520 4
534 521 4
534 522 4
534 523 4
534 524 4
534 525 4
534 526 4
534 527 4
534 528 4
534 529 4
534 530 4
535 509 2
535 510 2
535 511 2
535 512 2
535 513 2
535 514 2
535 515 2
535 516 2
535 517 2
535 518 2
535 519 2
535 520 2
535 521 2
535 522 2
535 523 2
535 524 2
535 525 2
535 526 2
535 527 2
535 528 2
535 529 2
535 530 2
536 509 9
536 510 9
536 511 9
536 512 9
536 513 9
536 514 9
536 515 9
536 516 9
536 517 9
536 518 9
536 519 9
536 520 9
536 521 9
536 522 9
536 523 9
536 524 9
536 525 9
536 526 9
536 527 9
536 528 9
536 529 9
536 530 9
537 509 9
537 510 9
537 511 9
537 512 9
537 513 9
537 514 9
537 515 9
537 516 9
537 517 9
537 518 9
537 519 9
537 520 9
537 521 9
537 522 9
537 523 9
537 524 9
537 525 9
537 526 9
537 527 9
537 528 9
537 529 9
537 530 9
538 509 3
538 510 3
538 511 3
538 512 3
538 513 3
538 514 3
538 515 3
538 516 3
538 517 3
538 518 3
538 519 3
538 520 3
538 521 3
538 522 3
538 523 3
538 524 3
538 525 3
538 526 3
538 527 3
538 528 3
538 529 3
538 530 3
539 509 9
539 510 9
539 511 9
539 512 9
539 513 9
539 514 9
539 515 9
539 516 9
539 517 9
539 518 9
539 519 9
539 520 9
539 521 9
539 522 9
539 523 9
539 524 9
539 525 9
539 526 9
539 527 9
539 528 9
539 529 9
539 530 9
540 509 2
540 510 2
540 511 2
540 512 2
540 513 2
540 514 2
540 515 2
540 516 2
540 517 2
540 518 2
540 519 2
540 520 2
540 521 2
540 522 2
540 523 2
540 524 2
540 525 2
540 526 2
540 527 2
540 528 2
540 529 2
540 530 2
541 509 4
541 510 4
541 511 4
541 512 4
541 513 4
541 514 4
541 515 4
541 516 4
541 517 4
541 518 4
541 519 4
541 520 4
541 521 4
541 522 4
541 523 4
541 524 4
541 525 4
541 526 4
541 527 4
541 528 4
541 529 4
541 530 4
542 509 9
542 510 9
542 511 9
542 512 9
542 513 9
542 514 9
542 515 9
542 516 9
542 517 9
542 518 9
542 519 9
542 520 9
542 521 9
542 522 9
542 523 9
542 524 9
542 525 9
542 526 9
542 527 9
542 528 9
542 529 9
542 530 9
543 509 9
543 510 9
543 511 9
543 512 9
543 513 9
543 514 9
543 515 9
543 516 9
543 517 9
543 518 9
543 519 9
543 520 9
543 521 9
543 522 9
543 523 9
543 524 9
543 525 9
543 526 9
543 527 9
543 528 9
543 529 9
543 530 9
544 509 9
544 510 9
544 511 9
544 512 9
544 513 9
544 514 9
544 515 9
544 516 9
544 517 9
544 518 9
544 519 9
544 520 9
544 521 9
544 522 9
544 523 9
544 524 9
544 525 9
544 526 9
544 527 9
544 528 9
544 529 9
544 530 9
545 509 9
545 510 9
545 511 9
545 512 9
545 513 9
545 514 9
545 515 9
545 516 9
545 517 9
545 518 9
545 519 9
545 520 9
545 521 9
545 522 9
545 523 9
545 524 9
545 525 9
545 526 9
545 527 9
545 528 9
545 529 9
545 530 9
546 509 8
546 510 8
546 511 8
546 512 8
546 513 8
546 514 8
546 515 8
546 516 8
546 517 8
546 518 8
546 519 8
546 520 8
546 521 8
546 522 8
546 523 8
546 524 8
546 525 8
546 526 8
546 527 8
546 528 8
546 529 8
546 530 8
547 509 9
547 510 9
547 511 9
547 512 9
547 513 9
547 514 9
547 515 9
547 516 9
547 517 9
547 518 9
547 519 9
547 520 9
547 521 9
547 522 9
547 523 9
547 524 9
547 525 9
547 526 9
547 527 9
547 528 9
547 529 9
547 530 9
548 509 4
548 510 4
548 511 4
548 512 4
548 513 4
548 514 4
548 515 4
548 516 4
548 517 4
548 518 4
548 519 4
548 520 4
548 521 4
548 522 4
548 523 4
548 524 4
548 525 4
548 526 4
548 527 4
548 528 4
548 529 4
548 530 4
549 509 9
549 510 9
549 511 9
549 512 9
549 513 9
549 514 9
549 515 9
549 516 9
549 517 9
549 518 9
549 519 9
549 520 9
549 521 9
549 522 9
549 523 9
549 524 9
549 525 9
549 526 9
549 527 9
549 528 9
549 529 9
549 530 9
550 509 0
550 510 0
550 511 0
550 512 0
550 513 0
550 514 0
550 515 0
550 516 0
550 517 0
550 518 0
550 519 0
550 520 0
550 521 0
550 522 0
550 523 0
550 524 0
550 525 0
550 526 0
550 527 0
550 528 0
550 529 0
550 530 0
551 509 3
551 510 3
551 511 3
551 512 3
551 513 3
551 514 3
551 515 3
551 516 3
551 517 3
551 518 3
551 519 3
551 520 3
551 521 3
551 522 3
551 523 3
551 524 3
551 525 3
551 526 3
551 527 3
551 528 3
551 529 3
551 530 3
552 509 8
552 510 8
552 511 8
552 512 8
552 513 8
552 514 8
552 515 8
552 516 8
552 517 8
552 518 8
552 519 8
552 520 8
552 521 8
552 522 8
552 523 8
552 524 8
552 525 8
552 526 8
552 527 8
552 528 8
552 529 8
552 530 8
