12
2
2
2
2
3
3
1
0
0
12
4
6
6
0
0
0
2
2
6
14
2
3
4
3
2
2
2
3
2
0
4
0
6
12
4
2
4
0
6
14
12
12
5
0
12
12
0
0
5
0
0
2
6
0
6
12
2
0
0
12
2
4
6
3
3
2
0
7
12
2
8
2
2
2
0
0
5
14
0
14
4
0
7
6
12
2
0
8
2
7
2
2
2
14
2
3
0
5
7
7
14
4
2
2
2
7
3
2
2
9
2
2
3
4
12
14
2
5
3
2
14
2
6
12
0
0
12
0
2
0
14
0
5
10
0
1
5
6
0
0
0
2
2
0
12
0
2
0
4
2
2
3
2
14
0
2
2
12
2
0
10
14
13
14
0
3
14
6
2
0
0
0
0
0
1
4
4
12
3
3
4
4
12
12
2
3
14
2
5
5
2
2
3
0
0
14
14
2
2
4
14
14
10
6
10
7
12
3
14
10
5
6
12
12
2
2
12
11
7
0
2
7
6
2
2
2
2
2
2
0
2
2
3
2
0
4
2
2
0
2
2
0
2
7
2
2
0
6
0
2
12
14
14
0
0
2
3
2
2
0
4
14
7
12
14
2
2
2
2
4
12
0
0
0
0
5
0
0
7
0
3
2
3
2
4
4
5
7
3
0
3
0
12
12
0
0
14
10
14
2
6
0
2
3
0
14
0
7
0
14
7
13
