2
2
2
2
2
2
2
1
0
0
2
3
5
5
0
5
0
2
2
5
0
2
2
3
7
2
2
2
7
2
0
3
0
5
10
3
2
3
0
5
0
10
10
4
0
10
10
0
0
4
0
0
2
5
0
5
10
2
0
0
10
2
3
5
2
7
2
0
4
2
2
7
2
2
2
0
0
4
3
0
3
3
0
6
5
5
2
0
7
2
6
2
2
2
0
2
2
0
4
4
6
0
3
2
2
2
6
2
2
2
0
2
0
2
3
2
0
0
4
5
2
0
2
5
10
0
0
10
0
2
0
0
0
4
8
0
1
4
5
0
0
0
2
2
0
10
0
2
0
3
2
0
5
2
6
0
2
2
2
2
0
8
0
1
6
0
5
0
5
2
0
0
0
0
0
1
3
3
2
2
7
3
3
5
10
2
2
3
2
4
4
2
2
2
0
0
0
0
2
2
3
6
6
8
5
8
6
10
7
0
8
4
7
10
10
2
2
5
9
6
0
0
6
5
2
2
2
2
2
2
0
2
2
2
2
0
3
2
2
0
2
2
0
0
6
2
2
2
5
2
0
10
6
6
0
0
2
5
2
2
0
3
6
6
10
6
2
2
2
2
3
10
0
0
0
2
4
2
0
6
0
2
2
2
2
3
3
4
6
2
5
2
0
10
10
0
0
0
8
0
0
5
0
2
2
0
6
0
6
0
6
6
1
