0
3
3
3
3
1
1
2
0
0
1
5
22
4
0
0
0
3
3
8
20
3
1
5
4
3
0
3
4
3
16
5
21
4
11
5
3
5
16
22
21
14
0
6
0
11
18
0
0
7
0
16
3
8
0
4
14
0
0
0
5
3
5
0
1
4
1
0
7
1
3
4
3
3
0
0
0
7
14
0
16
5
21
9
8
1
3
21
10
3
9
1
3
3
16
3
0
0
7
9
11
3
5
3
3
3
11
1
3
3
12
3
0
1
5
1
16
3
7
4
3
16
3
4
18
0
0
0
21
3
21
16
16
7
13
21
2
7
11
21
0
0
3
3
20
1
0
3
0
5
0
0
4
1
14
0
3
3
1
3
0
9
21
15
14
0
0
16
11
3
11
16
0
0
21
15
16
5
1
1
1
5
16
11
18
3
1
14
3
7
7
3
3
1
0
21
20
21
3
3
5
14
14
13
22
9
11
11
4
16
17
7
4
18
18
3
3
0
19
9
21
3
11
8
3
3
3
3
3
3
16
3
1
1
3
0
5
3
3
0
3
0
0
3
11
3
0
0
0
0
3
11
14
20
21
0
3
4
3
3
0
5
11
11
18
14
3
3
3
3
1
18
21
0
0
0
7
0
16
14
0
1
3
1
0
5
16
7
14
1
0
4
0
0
18
0
0
20
9
14
0
22
0
3
1
0
21
0
11
0
20
11
15
